         0
   1.46484
   2.92969
   4.39453
   5.85938
   7.32422
   8.78906
   10.2539
   11.7188
   13.1836
   14.6484
   16.1133
   17.5781
    19.043
   20.5078
   21.9727
   23.4375
   24.9023
   26.3672
    27.832
   29.2969
   30.7617
   32.2266
   33.6914
   35.1562
   36.6211
   38.0859
   39.5508
   41.0156
   42.4805
   43.9453
   45.4102
    46.875
   48.3398
   49.8047
   51.2695
   52.7344
   54.1992
   55.6641
   57.1289
   58.5938
   60.0586
   61.5234
   62.9883
   64.4531
    65.918
   67.3828
   68.8477
   70.3125
   71.7773
   73.2422
    74.707
   76.1719
   77.6367
   79.1016
   80.5664
   82.0312
   83.4961
   84.9609
   86.4258
   87.8906
   89.3555
   90.8203
   92.2852
     93.75
   95.2148
   96.6797
   98.1445
   99.6094
   101.074
   102.539
   104.004
   105.469
   106.934
   108.398
   109.863
   111.328
   112.793
   114.258
   115.723
   117.188
   118.652
   120.117
   121.582
   123.047
   124.512
   125.977
   127.441
   128.906
   130.371
   131.836
   133.301
   134.766
    136.23
   137.695
    139.16
   140.625
    142.09
   143.555
    145.02
   146.484
   147.949
   149.414
   150.879
   152.344
   153.809
   155.273
   156.738
   158.203
   159.668
   161.133
   162.598
   164.062
   165.527
   166.992
   168.457
   169.922
   171.387
   172.852
   174.316
   175.781
   177.246
   178.711
   180.176
   181.641
   183.105
    184.57
   186.035
     187.5
   188.965
    190.43
   191.895
   193.359
   194.824
   196.289
   197.754
   199.219
   200.684
   202.148
   203.613
   205.078
   206.543
   208.008
   209.473
   210.938
   212.402
   213.867
   215.332
   216.797
   218.262
   219.727
   221.191
   222.656
   224.121
   225.586
   227.051
   228.516
    229.98
   231.445
    232.91
   234.375
    235.84
   237.305
    238.77
   240.234
   241.699
   243.164
   244.629
   246.094
   247.559
   249.023
   250.488
   251.953
   253.418
   254.883
   256.348
   257.812
   259.277
   260.742
   262.207
   263.672
   265.137
   266.602
   268.066
   269.531
   270.996
   272.461
   273.926
   275.391
   276.855
    278.32
   279.785
    281.25
   282.715
    284.18
   285.645
   287.109
   288.574
   290.039
   291.504
   292.969
   294.434
   295.898
   297.363
   298.828
   300.293
   301.758
   303.223
   304.688
   306.152
   307.617
   309.082
   310.547
   312.012
   313.477
   314.941
   316.406
   317.871
   319.336
   320.801
   322.266
    323.73
   325.195
    326.66
   328.125
    329.59
   331.055
    332.52
   333.984
   335.449
   336.914
   338.379
   339.844
   341.309
   342.773
   344.238
   345.703
   347.168
   348.633
   350.098
   351.562
   353.027
   354.492
   355.957
   357.422
   358.887
   360.352
   361.816
   363.281
   364.746
   366.211
   367.676
   369.141
   370.605
    372.07
   373.535
       375
   376.465
    377.93
   379.395
   380.859
   382.324
   383.789
   385.254
   386.719
   388.184
   389.648
   391.113
   392.578
   394.043
   395.508
   396.973
   398.438
   399.902
   401.367
   402.832
   404.297
   405.762
   407.227
   408.691
   410.156
   411.621
   413.086
   414.551
   416.016
    417.48
   418.945
    420.41
   421.875
    423.34
   424.805
    426.27
   427.734
   429.199
   430.664
   432.129
   433.594
   435.059
   436.523
   437.988
   439.453
   440.918
   442.383
   443.848
   445.312
   446.777
   448.242
   449.707
   451.172
   452.637
   454.102
   455.566
   457.031
   458.496
   459.961
   461.426
   462.891
   464.355
    465.82
   467.285
    468.75
   470.215
    471.68
   473.145
   474.609
   476.074
   477.539
   479.004
   480.469
   481.934
   483.398
   484.863
   486.328
   487.793
   489.258
   490.723
   492.188
   493.652
   495.117
   496.582
   498.047
   499.512
   500.977
   502.441
   503.906
   505.371
   506.836
   508.301
   509.766
    511.23
   512.695
    514.16
   515.625
    517.09
   518.555
    520.02
   521.484
   522.949
   524.414
   525.879
   527.344
   528.809
   530.273
   531.738
   533.203
   534.668
   536.133
   537.598
   539.062
   540.527
   541.992
   543.457
   544.922
   546.387
   547.852
   549.316
   550.781
   552.246
   553.711
   555.176
   556.641
   558.105
    559.57
   561.035
     562.5
   563.965
    565.43
   566.895
   568.359
   569.824
   571.289
   572.754
   574.219
   575.684
   577.148
   578.613
   580.078
   581.543
   583.008
   584.473
   585.938
   587.402
   588.867
   590.332
   591.797
   593.262
   594.727
   596.191
   597.656
   599.121
   600.586
   602.051
   603.516
    604.98
   606.445
    607.91
   609.375
    610.84
   612.305
    613.77
   615.234
   616.699
   618.164
   619.629
   621.094
   622.559
   624.023
   625.488
   626.953
   628.418
   629.883
   631.348
   632.812
   634.277
   635.742
   637.207
   638.672
   640.137
   641.602
   643.066
   644.531
   645.996
   647.461
   648.926
   650.391
   651.855
    653.32
   654.785
    656.25
   657.715
    659.18
   660.645
   662.109
   663.574
   665.039
   666.504
   667.969
   669.434
   670.898
   672.363
   673.828
   675.293
   676.758
   678.223
   679.688
   681.152
   682.617
   684.082
   685.547
   687.012
   688.477
   689.941
   691.406
   692.871
   694.336
   695.801
   697.266
    698.73
   700.195
    701.66
   703.125
    704.59
   706.055
    707.52
   708.984
   710.449
   711.914
   713.379
   714.844
   716.309
   717.773
   719.238
   720.703
   722.168
   723.633
   725.098
   726.562
   728.027
   729.492
   730.957
   732.422
   733.887
   735.352
   736.816
   738.281
   739.746
   741.211
   742.676
   744.141
   745.605
    747.07
   748.535
       750
   751.465
    752.93
   754.395
   755.859
   757.324
   758.789
   760.254
   761.719
   763.184
   764.648
   766.113
   767.578
   769.043
   770.508
   771.973
   773.438
   774.902
   776.367
   777.832
   779.297
   780.762
   782.227
   783.691
   785.156
   786.621
   788.086
   789.551
   791.016
    792.48
   793.945
    795.41
   796.875
    798.34
   799.805
    801.27
   802.734
   804.199
   805.664
   807.129
   808.594
   810.059
   811.523
   812.988
   814.453
   815.918
   817.383
   818.848
   820.312
   821.777
   823.242
   824.707
   826.172
   827.637
   829.102
   830.566
   832.031
   833.496
   834.961
   836.426
   837.891
   839.355
    840.82
   842.285
    843.75
   845.215
    846.68
   848.145
   849.609
   851.074
   852.539
   854.004
   855.469
   856.934
   858.398
   859.863
   861.328
   862.793
   864.258
   865.723
   867.188
   868.652
   870.117
   871.582
   873.047
   874.512
   875.977
   877.441
   878.906
   880.371
   881.836
   883.301
   884.766
    886.23
   887.695
    889.16
   890.625
    892.09
   893.555
    895.02
   896.484
   897.949
   899.414
   900.879
   902.344
   903.809
   905.273
   906.738
   908.203
   909.668
   911.133
   912.598
   914.062
   915.527
   916.992
   918.457
   919.922
   921.387
   922.852
   924.316
   925.781
   927.246
   928.711
   930.176
   931.641
   933.105
    934.57
   936.035
     937.5
   938.965
    940.43
   941.895
   943.359
   944.824
   946.289
   947.754
   949.219
   950.684
   952.148
   953.613
   955.078
   956.543
   958.008
   959.473
   960.938
   962.402
   963.867
   965.332
   966.797
   968.262
   969.727
   971.191
   972.656
   974.121
   975.586
   977.051
   978.516
    979.98
   981.445
    982.91
   984.375
    985.84
   987.305
    988.77
   990.234
   991.699
   993.164
   994.629
   996.094
   997.559
   999.023
   1000.49
   1001.95
   1003.42
   1004.88
   1006.35
   1007.81
   1009.28
   1010.74
   1012.21
   1013.67
   1015.14
    1016.6
   1018.07
   1019.53
      1021
   1022.46
   1023.93
   1025.39
   1026.86
   1028.32
   1029.79
   1031.25
   1032.71
   1034.18
   1035.64
   1037.11
   1038.57
   1040.04
    1041.5
   1042.97
   1044.43
    1045.9
   1047.36
   1048.83
   1050.29
   1051.76
   1053.22
   1054.69
   1056.15
   1057.62
   1059.08
   1060.55
   1062.01
   1063.48
   1064.94
   1066.41
   1067.87
   1069.34
    1070.8
   1072.27
   1073.73
    1075.2
   1076.66
   1078.12
   1079.59
   1081.05
   1082.52
   1083.98
   1085.45
   1086.91
   1088.38
   1089.84
   1091.31
   1092.77
   1094.24
    1095.7
   1097.17
   1098.63
    1100.1
   1101.56
   1103.03
   1104.49
   1105.96
   1107.42
   1108.89
   1110.35
   1111.82
   1113.28
   1114.75
   1116.21
   1117.68
   1119.14
   1120.61
   1122.07
   1123.54
      1125
   1126.46
   1127.93
   1129.39
   1130.86
   1132.32
   1133.79
   1135.25
   1136.72
   1138.18
   1139.65
   1141.11
   1142.58
   1144.04
   1145.51
   1146.97
   1148.44
    1149.9
   1151.37
   1152.83
    1154.3
   1155.76
   1157.23
   1158.69
   1160.16
   1161.62
   1163.09
   1164.55
   1166.02
   1167.48
   1168.95
   1170.41
   1171.88
   1173.34
    1174.8
   1176.27
   1177.73
    1179.2
   1180.66
   1182.13
   1183.59
   1185.06
   1186.52
   1187.99
   1189.45
   1190.92
   1192.38
   1193.85
   1195.31
   1196.78
   1198.24
   1199.71
   1201.17
   1202.64
    1204.1
   1205.57
   1207.03
    1208.5
   1209.96
   1211.43
   1212.89
   1214.36
   1215.82
   1217.29
   1218.75
   1220.21
   1221.68
   1223.14
   1224.61
   1226.07
   1227.54
      1229
   1230.47
   1231.93
    1233.4
   1234.86
   1236.33
   1237.79
   1239.26
   1240.72
   1242.19
   1243.65
   1245.12
   1246.58
   1248.05
   1249.51
   1250.98
   1252.44
   1253.91
   1255.37
   1256.84
    1258.3
   1259.77
   1261.23
    1262.7
   1264.16
   1265.62
   1267.09
   1268.55
   1270.02
   1271.48
   1272.95
   1274.41
   1275.88
   1277.34
   1278.81
   1280.27
   1281.74
    1283.2
   1284.67
   1286.13
    1287.6
   1289.06
   1290.53
   1291.99
   1293.46
   1294.92
   1296.39
   1297.85
   1299.32
   1300.78
   1302.25
   1303.71
   1305.18
   1306.64
   1308.11
   1309.57
   1311.04
    1312.5
   1313.96
   1315.43
   1316.89
   1318.36
   1319.82
   1321.29
   1322.75
   1324.22
   1325.68
   1327.15
   1328.61
   1330.08
   1331.54
   1333.01
   1334.47
   1335.94
    1337.4
   1338.87
   1340.33
    1341.8
   1343.26
   1344.73
   1346.19
   1347.66
   1349.12
   1350.59
   1352.05
   1353.52
   1354.98
   1356.45
   1357.91
   1359.38
   1360.84
    1362.3
   1363.77
   1365.23
    1366.7
   1368.16
   1369.63
   1371.09
   1372.56
   1374.02
   1375.49
   1376.95
   1378.42
   1379.88
   1381.35
   1382.81
   1384.28
   1385.74
   1387.21
   1388.67
   1390.14
    1391.6
   1393.07
   1394.53
      1396
   1397.46
   1398.93
   1400.39
   1401.86
   1403.32
   1404.79
   1406.25
   1407.71
   1409.18
   1410.64
   1412.11
   1413.57
   1415.04
    1416.5
   1417.97
   1419.43
    1420.9
   1422.36
   1423.83
   1425.29
   1426.76
   1428.22
   1429.69
   1431.15
   1432.62
   1434.08
   1435.55
   1437.01
   1438.48
   1439.94
   1441.41
   1442.87
   1444.34
    1445.8
   1447.27
   1448.73
    1450.2
   1451.66
   1453.12
   1454.59
   1456.05
   1457.52
   1458.98
   1460.45
   1461.91
   1463.38
   1464.84
   1466.31
   1467.77
   1469.24
    1470.7
   1472.17
   1473.63
    1475.1
   1476.56
   1478.03
   1479.49
   1480.96
   1482.42
   1483.89
   1485.35
   1486.82
   1488.28
   1489.75
   1491.21
   1492.68
   1494.14
   1495.61
   1497.07
   1498.54
